25
0.000000 0.000430 0.002468 0.001498 0.001740 0.000715 0.000154 0.002217 0.002219 0.003053 0.001253 0.001696 0.002714 0.000113 0.000175 0.001730 0.002192 0.000025 0.001252 0.000218 0.001364 0.002243 0.001924 0.003039 0.002764 
0.001721 0.000300 0.002136 0.001359 0.002290 0.002973 0.002489 0.000857 0.000155 0.002404 0.001072 0.002066 0.002470 0.003237 0.001193 0.000807 0.003209 0.002360 0.002460 0.002128 0.000237 0.002063 0.002889 0.000891 0.001425 
0.002503 0.001560 0.000777 0.000898 0.001173 0.000544 0.001589 0.002932 0.002970 0.000198 0.002955 0.001648 0.001686 0.001042 0.003222 0.001613 0.000869 0.000296 0.003095 0.000241 0.001635 0.001255 0.000905 0.002985 0.001730 
0.001517 0.003073 0.000164 0.002487 0.002516 0.002704 0.000409 0.000052 0.002249 0.002836 0.002056 0.002405 0.002369 0.003264 0.002902 0.000762 0.001000 0.001146 0.001676 0.001931 0.002763 0.001346 0.002748 0.000880 0.001357 
0.001755 0.001528 0.000938 0.000582 0.000502 0.001867 0.002621 0.000108 0.001746 0.001628 0.003120 0.002444 0.001811 0.002909 0.002041 0.002750 0.000522 0.000695 0.002334 0.000426 0.000297 0.000897 0.000010 0.001353 0.000088 
0.002318 0.003063 0.000784 0.000591 0.001037 0.002897 0.002130 0.000491 0.002225 0.001260 0.001266 0.001632 0.000482 0.001918 0.002762 0.001927 0.003120 0.001816 0.000484 0.003212 0.001335 0.000463 0.001845 0.000823 0.001596 
0.001516 0.003139 0.000412 0.000652 0.001043 0.002055 0.000414 0.002127 0.002030 0.002623 0.000809 0.001556 0.001272 0.000664 0.000093 0.002945 0.001393 0.000464 0.003095 0.001340 0.000428 0.002893 0.000301 0.000530 0.000232 
0.001193 0.000826 0.000441 0.002558 0.001487 0.001142 0.001477 0.002642 0.003043 0.002128 0.000703 0.002220 0.002969 0.000817 0.002812 0.001539 0.001652 0.001961 0.002670 0.002469 0.001510 0.003107 0.002067 0.001435 0.002694 
0.002250 0.002293 0.003224 0.003117 0.002780 0.000945 0.001755 0.001680 0.000338 0.001352 0.001884 0.002863 0.001437 0.002383 0.002839 0.002337 0.002615 0.002308 0.002422 0.000062 0.002894 0.001715 0.001513 0.000213 0.002330 
0.001597 0.002181 0.002228 0.000652 0.002994 0.002828 0.002907 0.001777 0.000455 0.001471 0.003231 0.000704 0.001457 0.001031 0.001681 0.002879 0.001436 0.001527 0.002635 0.001193 0.000691 0.003263 0.000502 0.002059 0.002013 
0.000002 0.000003 0.002526 0.002376 0.001042 0.001364 0.002229 0.002223 0.000670 0.002732 0.002315 0.002707 0.000309 0.000267 0.002495 0.002056 0.000698 0.000697 0.000265 0.001270 0.003110 0.003095 0.001273 0.000879 0.002261 
0.000928 0.002537 0.002560 0.001380 0.000922 0.000634 0.000037 0.000627 0.003211 0.000797 0.002677 0.000446 0.001300 0.001963 0.000578 0.002705 0.000515 0.003227 0.000840 0.000763 0.000332 0.000717 0.002073 0.002273 0.002596 
0.002274 0.002459 0.002187 0.002069 0.000184 0.001954 0.000741 0.001041 0.002286 0.000384 0.002491 0.001718 0.001809 0.001920 0.001077 0.002296 0.000467 0.000528 0.001585 0.002810 0.002656 0.001819 0.002414 0.001032 0.000442 
0.001726 0.001015 0.001921 0.001692 0.001407 0.000845 0.001209 0.001284 0.001459 0.001554 0.001267 0.000912 0.000256 0.001208 0.000829 0.002194 0.002209 0.001679 0.002380 0.002354 0.003086 0.001505 0.003071 0.001050 0.001504 
0.001689 0.002160 0.001312 0.001978 0.003222 0.000491 0.002189 0.001123 0.001769 0.001708 0.002708 0.000049 0.000896 0.002100 0.001784 0.002998 0.000871 0.003168 0.000806 0.002756 0.002267 0.001489 0.002669 0.000072 0.000525 
0.002309 0.002312 0.001426 0.001902 0.002455 0.003238 0.002272 0.000913 0.002462 0.000559 0.000014 0.001619 0.000261 0.000533 0.002950 0.002557 0.002439 0.001425 0.000021 0.001910 0.001693 0.000218 0.001777 0.001273 0.000705 
0.001260 0.002047 0.002152 0.002317 0.001759 0.000915 0.002665 0.001215 0.002241 0.001013 0.000031 0.000339 0.001701 0.002534 0.000721 0.000181 0.000231 0.000523 0.002364 0.000970 0.000165 0.001561 0.001493 0.001698 0.001458 
0.000491 0.000934 0.002723 0.002272 0.001887 0.002225 0.001082 0.000188 0.003223 0.001771 0.000005 0.002796 0.000096 0.001233 0.001599 0.001882 0.002413 0.002219 0.001751 0.000116 0.000400 0.003179 0.000615 0.001147 0.002006 
0.001984 0.000411 0.001806 0.003116 0.001166 0.002737 0.003182 0.000846 0.000822 0.001386 0.002655 0.002933 0.000799 0.002484 0.002269 0.001476 0.000861 0.002174 0.000381 0.000684 0.000371 0.001786 0.000020 0.000575 0.001958 
0.001411 0.000269 0.002245 0.001226 0.002731 0.000404 0.003179 0.000097 0.000262 0.001614 0.002513 0.003051 0.000817 0.001175 0.002512 0.001633 0.002447 0.002194 0.002226 0.002472 0.000119 0.000753 0.000724 0.001837 0.002131 
0.002014 0.001213 0.000734 0.000763 0.002133 0.000542 0.002430 0.000522 0.000156 0.002162 0.000408 0.003100 0.001581 0.002028 0.002985 0.000059 0.001939 0.002358 0.001622 0.000175 0.001442 0.001696 0.002521 0.000213 0.001446 
0.003192 0.001528 0.001075 0.001456 0.002428 0.000671 0.000560 0.001217 0.003069 0.003151 0.000833 0.000230 0.000404 0.001719 0.000523 0.001691 0.000344 0.002749 0.001204 0.001384 0.001069 0.002330 0.001884 0.002848 0.002476 
0.002732 0.002286 0.001271 0.003055 0.001978 0.001183 0.001762 0.001486 0.001312 0.000785 0.000271 0.001377 0.001543 0.000946 0.000343 0.000707 0.002619 0.001723 0.002184 0.002821 0.000796 0.002324 0.000861 0.001250 0.000265 
0.001502 0.000761 0.002598 0.001605 0.000011 0.000869 0.002171 0.001389 0.000610 0.003147 0.000438 0.002599 0.003090 0.000559 0.001979 0.000208 0.001135 0.000955 0.001665 0.002697 0.002725 0.002373 0.001076 0.002620 0.002063 
0.000148 0.000135 0.000501 0.002505 0.000202 0.001696 0.003035 0.000720 0.000668 0.000291 0.002285 0.002307 0.001615 0.000855 0.002324 0.001236 0.000655 0.000760 0.001424 0.001533 0.002813 0.003192 0.001452 0.000112 0.001711 
